10.000 10.000 10.000 10.000 10.000 10.000 10.000 10.000 10.000 10.000 10.000 10.000 10.000 10.000 10.000 10.000 10.000 10.000 10.000 10.000 10.000 10.000 
 5.000  7.483  8.446  8.881  9.103  9.227  9.296  9.334  9.348  9.344  9.321  9.276  9.198  9.068  8.840  8.403  7.447  5.000  5.000  5.000  5.000  5.000 
 5.000  6.470  7.408  7.966  8.301  8.502  8.623  8.688  8.714  8.706  8.666  8.585  8.452  8.240  7.900  7.343  6.424  5.000  5.000  5.000  5.000  5.000 
 5.000  5.976  6.735  7.268  7.624  7.857  8.001  8.084  8.115  8.106  8.053  7.954  7.793  7.550  7.189  6.666  5.931  5.000  5.000  5.000  5.000  5.000 
 5.000  5.692  6.283  6.738  7.069  7.295  7.445  7.529  7.566  7.553  7.498  7.392  7.229  6.990  6.660  6.215  5.651  5.000  5.000  5.000  5.000  5.000 
 5.000  5.507  5.960  6.331  6.612  6.818  6.954  7.037  7.068  7.059  7.002  6.904  6.750  6.539  6.256  5.899  5.471  5.000  5.000  5.000  5.000  5.000 
 5.000  5.375  5.719  6.009  6.241  6.411  6.531  6.600  6.631  6.618  6.572  6.481  6.352  6.172  5.945  5.665  5.345  5.000  5.000  5.000  5.000  5.000 
 5.000  5.276  5.531  5.753  5.932  6.070  6.165  6.225  6.246  6.238  6.195  6.124  6.015  5.875  5.696  5.487  5.250  5.000  5.000  5.000  5.000  5.000 
 5.000  5.197  5.381  5.542  5.677  5.779  5.854  5.896  5.916  5.905  5.874  5.815  5.734  5.626  5.497  5.344  5.176  5.000  5.000  5.000  5.000  5.000 
 5.000  5.133  5.257  5.369  5.460  5.533  5.583  5.615  5.625  5.619  5.593  5.552  5.492  5.419  5.328  5.227  5.116  5.000  5.000  5.000  5.000  5.000 
 5.000  5.078  5.152  5.217  5.272  5.315  5.346  5.363  5.369  5.362  5.345  5.317  5.281  5.235  5.183  5.125  5.063  5.000  5.000  5.000  5.000  5.000 
 5.000  5.028  5.055  5.078  5.099  5.114  5.125  5.130  5.130  5.124  5.114  5.099  5.083  5.065  5.047  5.030  5.015  5.000  5.000  5.000  5.000  5.000 
 5.000  4.978  4.957  4.940  4.926  4.915  4.906  4.899  4.892  4.888  4.882  4.882  4.883  4.893  4.908  4.933  4.964  5.000  5.000  5.000  5.000  5.000 
 5.000  4.922  4.850  4.787  4.738  4.697  4.670  4.648  4.638  4.630  4.634  4.642  4.666  4.700  4.754  4.822  4.907  5.000  5.000  5.000  5.000  5.000 
 5.000  4.854  4.718  4.605  4.511  4.444  4.392  4.362  4.340  4.337  4.341  4.366  4.405  4.472  4.563  4.687  4.835  5.000  5.000  5.000  5.000  5.000 
 5.000  4.762  4.548  4.367  4.230  4.126  4.058  4.009  3.987  3.976  3.992  4.022  4.087  4.180  4.323  4.508  4.740  5.000  5.000  5.000  5.000  5.000 
 5.000  4.635  4.312  4.056  3.861  3.729  3.634  3.581  3.546  3.543  3.554  3.602  3.678  3.811  3.999  4.267  4.606  5.000  5.000  5.000  5.000  5.000 
 5.000  4.446  3.982  3.631  3.388  3.219  3.116  3.047  3.018  3.005  3.029  3.075  3.173  3.326  3.572  3.927  4.413  5.000  5.000  5.000  5.000  5.000 
 5.000  4.150  3.499  3.059  2.770  2.593  2.478  2.417  2.380  2.376  2.391  2.447  2.541  2.715  2.994  3.442  4.110  5.000  5.000  5.000  5.000  5.000 
 5.000  3.631  2.776  2.280  1.997  1.829  1.735  1.678  1.654  1.645  1.664  1.704  1.793  1.946  2.226  2.719  3.591  5.000  5.000  5.000  5.000  5.000 
 5.000  2.578  1.658  1.255  1.057  0.953  0.894  0.864  0.846  0.845  0.852  0.879  0.929  1.029  1.220  1.620  2.544  5.000  5.000  5.000  5.000  5.000 
 0.000  0.000  0.000  0.000  0.000  0.000  0.000  0.000  0.000  0.000  0.000  0.000  0.000  0.000  0.000  0.000  0.000  0.000  0.000  0.000  0.000  0.000 
