10.000 10.000 10.000 10.000 10.000 10.000 10.000 10.000 10.000 10.000 10.000 10.000 10.000 10.000 10.000 10.000 10.000 10.000 10.000 10.000 10.000 10.000 
 5.000  7.485  8.449  8.887  9.112  9.240  9.316  9.362  9.389  9.404  9.408  9.405  9.393  9.372  9.337  9.286  9.204  9.073  8.845  8.411  7.457  5.000 
 5.000  6.472  7.414  7.977  8.318  8.527  8.659  8.741  8.791  8.817  8.827  8.819  8.798  8.757  8.697  8.602  8.463  8.247  7.908  7.353  6.434  5.000 
 5.000  5.980  6.744  7.283  7.646  7.890  8.049  8.155  8.217  8.253  8.262  8.255  8.224  8.174  8.093  7.977  7.805  7.559  7.197  6.674  5.938  5.000 
 5.000  5.697  6.293  6.754  7.094  7.334  7.501  7.610  7.682  7.717  7.732  7.719  7.688  7.629  7.543  7.416  7.242  6.997  6.665  6.221  5.657  5.000 
 5.000  5.512  5.970  6.348  6.639  6.858  7.012  7.121  7.186  7.226  7.235  7.227  7.190  7.135  7.047  6.928  6.762  6.545  6.259  5.902  5.474  5.000 
 5.000  5.380  5.729  6.025  6.267  6.449  6.587  6.679  6.743  6.774  6.787  6.774  6.745  6.688  6.612  6.502  6.361  6.175  5.945  5.666  5.346  5.000 
 5.000  5.280  5.539  5.768  5.955  6.105  6.214  6.295  6.344  6.375  6.381  6.373  6.342  6.298  6.228  6.139  6.020  5.875  5.694  5.485  5.250  5.000 
 5.000  5.200  5.389  5.555  5.697  5.808  5.896  5.955  5.998  6.017  6.025  6.013  5.991  5.950  5.898  5.825  5.736  5.623  5.492  5.341  5.175  5.000 
 5.000  5.136  5.263  5.379  5.475  5.556  5.615  5.661  5.688  5.704  5.705  5.699  5.677  5.649  5.607  5.555  5.489  5.413  5.322  5.222  5.113  5.000 
 5.000  5.080  5.156  5.224  5.284  5.331  5.370  5.396  5.414  5.421  5.422  5.413  5.399  5.377  5.349  5.314  5.274  5.227  5.175  5.119  5.060  5.000 
 5.000  5.029  5.058  5.084  5.107  5.126  5.141  5.151  5.157  5.159  5.156  5.149  5.138  5.124  5.108  5.090  5.072  5.054  5.038  5.023  5.011  5.000 
 5.000  4.979  4.959  4.944  4.930  4.922  4.914  4.910  4.904  4.900  4.893  4.888  4.879  4.874  4.867  4.867  4.869  4.880  4.898  4.926  4.961  5.000 
 5.000  4.922  4.851  4.789  4.740  4.700  4.673  4.651  4.638  4.624  4.617  4.608  4.607  4.603  4.611  4.622  4.648  4.685  4.743  4.815  4.904  5.000 
 5.000  4.854  4.718  4.605  4.512  4.444  4.391  4.358  4.329  4.315  4.300  4.296  4.291  4.299  4.310  4.341  4.384  4.456  4.551  4.680  4.831  5.000 
 5.000  4.762  4.548  4.367  4.230  4.124  4.053  3.999  3.968  3.941  3.931  3.919  3.924  3.929  3.956  3.993  4.064  4.163  4.310  4.501  4.737  5.000 
 5.000  4.635  4.311  4.056  3.860  3.726  3.627  3.568  3.521  3.499  3.478  3.476  3.472  3.490  3.515  3.572  3.655  3.793  3.988  4.261  4.605  5.000 
 5.000  4.446  3.982  3.630  3.386  3.215  3.109  3.033  2.991  2.958  2.946  2.934  2.942  2.952  2.989  3.045  3.151  3.310  3.563  3.923  4.414  5.000 
 5.000  4.150  3.499  3.058  2.768  2.589  2.471  2.403  2.355  2.332  2.312  2.310  2.309  2.328  2.356  2.420  2.522  2.702  2.987  3.442  4.114  5.000 
 5.000  3.631  2.776  2.279  1.996  1.826  1.730  1.667  1.635  1.610  1.601  1.593  1.599  1.608  1.637  1.685  1.778  1.937  2.223  2.722  3.597  5.000 
 5.000  2.578  1.657  1.255  1.056  0.952  0.891  0.858  0.836  0.826  0.817  0.817  0.816  0.825  0.838  0.869  0.922  1.024  1.219  1.624  2.552  5.000 
 0.000  0.000  0.000  0.000  0.000  0.000  0.000  0.000  0.000  0.000  0.000  0.000  0.000  0.000  0.000  0.000  0.000  0.000  0.000  0.000  0.000  0.000 
